size = 100
lambda = 0.95
a = 0.0052127
b = 2.241772