selectionSize = 100
a = 0.0052127
b = 2.241772